FILELOOP=INF
LOOP=INF
TIMEUNIT=SECONDS
TIMEFACTOR=0.15915494e-3
GAIN=2.5
DCOFFSET=2.5
OPTION=NORMAL
0.000000e+000 7.812579e-003
7.812500e-003 7.812579e-003
1.562500e-002 7.813056e-003
2.343750e-002 7.814010e-003
3.125000e-002 7.815442e-003
3.906250e-002 7.817352e-003
4.687500e-002 7.819742e-003
5.468750e-002 7.822613e-003
6.250000e-002 7.825966e-003
7.031250e-002 7.829803e-003
7.812500e-002 7.834127e-003
8.593750e-002 7.838940e-003
9.375000e-002 7.844244e-003
1.015625e-001 7.850042e-003
1.093750e-001 7.856339e-003
1.171875e-001 7.863136e-003
1.250000e-001 7.870439e-003
1.328125e-001 7.878251e-003
1.406250e-001 7.886577e-003
1.484375e-001 7.895422e-003
1.562500e-001 7.904790e-003
1.640625e-001 7.914687e-003
1.718750e-001 7.925120e-003
1.796875e-001 7.936093e-003
1.875000e-001 7.947615e-003
1.953125e-001 7.959690e-003
2.031250e-001 7.972328e-003
2.109375e-001 7.985536e-003
2.187500e-001 7.999321e-003
2.265625e-001 8.013692e-003
2.343750e-001 8.028658e-003
2.421875e-001 8.044229e-003
2.500000e-001 8.060415e-003
2.578125e-001 8.077226e-003
2.656250e-001 8.094672e-003
2.734375e-001 8.112767e-003
2.812500e-001 8.131520e-003
2.890625e-001 8.150946e-003
2.968750e-001 8.171057e-003
3.046875e-001 8.191868e-003
3.125000e-001 8.213392e-003
3.203125e-001 8.235646e-003
3.281250e-001 8.258644e-003
3.359375e-001 8.282405e-003
3.437500e-001 8.306945e-003
3.515625e-001 8.332283e-003
3.593750e-001 8.358437e-003
3.671875e-001 8.385430e-003
3.750000e-001 8.413281e-003
3.828125e-001 8.442013e-003
3.906250e-001 8.471649e-003
3.984375e-001 8.502215e-003
4.062500e-001 8.533735e-003
4.140625e-001 8.566236e-003
4.218750e-001 8.599748e-003
4.296875e-001 8.634300e-003
4.375000e-001 8.669924e-003
4.453125e-001 8.706652e-003
4.531250e-001 8.744519e-003
4.609375e-001 8.783562e-003
4.687500e-001 8.823820e-003
4.765625e-001 8.865334e-003
4.843750e-001 8.908145e-003
4.921875e-001 8.952301e-003
5.000000e-001 8.997848e-003
5.078125e-001 9.044837e-003
5.156250e-001 9.093323e-003
5.234375e-001 9.143360e-003
5.312500e-001 9.195011e-003
5.390625e-001 9.248337e-003
5.468750e-001 9.303408e-003
5.546875e-001 9.360294e-003
5.625000e-001 9.419072e-003
5.703125e-001 9.479823e-003
5.781250e-001 9.542635e-003
5.859375e-001 9.607598e-003
5.937500e-001 9.674812e-003
6.015625e-001 9.744382e-003
6.093750e-001 9.816421e-003
6.171875e-001 9.891049e-003
6.250000e-001 9.968396e-003
6.328125e-001 1.004860e-002
6.406250e-001 1.013181e-002
6.484375e-001 1.021819e-002
6.562500e-001 1.030792e-002
6.640625e-001 1.040117e-002
6.718750e-001 1.049817e-002
6.796875e-001 1.059911e-002
6.875000e-001 1.070425e-002
6.953125e-001 1.081385e-002
7.031250e-001 1.092819e-002
7.109375e-001 1.104759e-002
7.187500e-001 1.117238e-002
7.265625e-001 1.130294e-002
7.343750e-001 1.143969e-002
7.421875e-001 1.158307e-002
7.500000e-001 1.173360e-002
7.578125e-001 1.189184e-002
7.656250e-001 1.205842e-002
7.734375e-001 1.223403e-002
7.812500e-001 1.241945e-002
7.890625e-001 1.261558e-002
7.968750e-001 1.282342e-002
8.046875e-001 1.304410e-002
8.125000e-001 1.327892e-002
8.203125e-001 1.352938e-002
8.281250e-001 1.379719e-002
8.359375e-001 1.408436e-002
8.437500e-001 1.439323e-002
8.515625e-001 1.472655e-002
8.593750e-001 1.508760e-002
8.671875e-001 1.548029e-002
8.750000e-001 1.590937e-002
8.828125e-001 1.638064e-002
8.906250e-001 1.690128e-002
8.984375e-001 1.748031e-002
9.062500e-001 1.812924e-002
9.140625e-001 1.886303e-002
9.218750e-001 1.970151e-002
9.296875e-001 2.067172e-002
9.375000e-001 2.181157e-002
9.453125e-001 2.317625e-002
9.531250e-001 2.484990e-002
9.609375e-001 2.696860e-002
9.687500e-001 2.977078e-002
9.765625e-001 3.372420e-002
9.843750e-001 3.992377e-002
9.921875e-001 5.192616e-002
1.000000e+000 1.250815e-001
9.921875e-001 5.192616e-002
9.843750e-001 3.992377e-002
9.765625e-001 3.372420e-002
9.687500e-001 2.977078e-002
9.609375e-001 2.696860e-002
9.531250e-001 2.484990e-002
9.453125e-001 2.317625e-002
9.375000e-001 2.181157e-002
9.296875e-001 2.067172e-002
9.218750e-001 1.970151e-002
9.140625e-001 1.886303e-002
9.062500e-001 1.812924e-002
8.984375e-001 1.748031e-002
8.906250e-001 1.690128e-002
8.828125e-001 1.638064e-002
8.750000e-001 1.590937e-002
8.671875e-001 1.548029e-002
8.593750e-001 1.508760e-002
8.515625e-001 1.472655e-002
8.437500e-001 1.439323e-002
8.359375e-001 1.408436e-002
8.281250e-001 1.379719e-002
8.203125e-001 1.352938e-002
8.125000e-001 1.327892e-002
8.046875e-001 1.304410e-002
7.968750e-001 1.282342e-002
7.890625e-001 1.261558e-002
7.812500e-001 1.241945e-002
7.734375e-001 1.223403e-002
7.656250e-001 1.205842e-002
7.578125e-001 1.189184e-002
7.500000e-001 1.173360e-002
7.421875e-001 1.158307e-002
7.343750e-001 1.143969e-002
7.265625e-001 1.130294e-002
7.187500e-001 1.117238e-002
7.109375e-001 1.104759e-002
7.031250e-001 1.092819e-002
6.953125e-001 1.081385e-002
6.875000e-001 1.070425e-002
6.796875e-001 1.059911e-002
6.718750e-001 1.049817e-002
6.640625e-001 1.040117e-002
6.562500e-001 1.030792e-002
6.484375e-001 1.021819e-002
6.406250e-001 1.013181e-002
6.328125e-001 1.004860e-002
6.250000e-001 9.968396e-003
6.171875e-001 9.891049e-003
6.093750e-001 9.816421e-003
6.015625e-001 9.744382e-003
5.937500e-001 9.674812e-003
5.859375e-001 9.607598e-003
5.781250e-001 9.542635e-003
5.703125e-001 9.479823e-003
5.625000e-001 9.419072e-003
5.546875e-001 9.360294e-003
5.468750e-001 9.303408e-003
5.390625e-001 9.248337e-003
5.312500e-001 9.195011e-003
5.234375e-001 9.143360e-003
5.156250e-001 9.093323e-003
5.078125e-001 9.044837e-003
5.000000e-001 8.997848e-003
4.921875e-001 8.952301e-003
4.843750e-001 8.908145e-003
4.765625e-001 8.865334e-003
4.687500e-001 8.823820e-003
4.609375e-001 8.783562e-003
4.531250e-001 8.744519e-003
4.453125e-001 8.706652e-003
4.375000e-001 8.669924e-003
4.296875e-001 8.634300e-003
4.218750e-001 8.599748e-003
4.140625e-001 8.566236e-003
4.062500e-001 8.533735e-003
3.984375e-001 8.502215e-003
3.906250e-001 8.471649e-003
3.828125e-001 8.442013e-003
3.750000e-001 8.413281e-003
3.671875e-001 8.385430e-003
3.593750e-001 8.358437e-003
3.515625e-001 8.332283e-003
3.437500e-001 8.306945e-003
3.359375e-001 8.282405e-003
3.281250e-001 8.258644e-003
3.203125e-001 8.235646e-003
3.125000e-001 8.213392e-003
3.046875e-001 8.191868e-003
2.968750e-001 8.171057e-003
2.890625e-001 8.150946e-003
2.812500e-001 8.131520e-003
2.734375e-001 8.112767e-003
2.656250e-001 8.094672e-003
2.578125e-001 8.077226e-003
2.500000e-001 8.060415e-003
2.421875e-001 8.044229e-003
2.343750e-001 8.028658e-003
2.265625e-001 8.013692e-003
2.187500e-001 7.999321e-003
2.109375e-001 7.985536e-003
2.031250e-001 7.972328e-003
1.953125e-001 7.959690e-003
1.875000e-001 7.947615e-003
1.796875e-001 7.936093e-003
1.718750e-001 7.925120e-003
1.640625e-001 7.914687e-003
1.562500e-001 7.904790e-003
1.484375e-001 7.895422e-003
1.406250e-001 7.886577e-003
1.328125e-001 7.878251e-003
1.250000e-001 7.870439e-003
1.171875e-001 7.863136e-003
1.093750e-001 7.856339e-003
1.015625e-001 7.850042e-003
9.375000e-002 7.844244e-003
8.593750e-002 7.838940e-003
7.812500e-002 7.834127e-003
7.031250e-002 7.829803e-003
6.250000e-002 7.825966e-003
5.468750e-002 7.822613e-003
4.687500e-002 7.819742e-003
3.906250e-002 7.817352e-003
3.125000e-002 7.815442e-003
2.343750e-002 7.814010e-003
1.562500e-002 7.813056e-003
7.812500e-003 7.812579e-003
0.000000e+000 7.812579e-003
-7.812500e-003 7.813056e-003
-1.562500e-002 7.814010e-003
-2.343750e-002 7.815442e-003
-3.125000e-002 7.817352e-003
-3.906250e-002 7.819742e-003
-4.687500e-002 7.822613e-003
-5.468750e-002 7.825966e-003
-6.250000e-002 7.829803e-003
-7.031250e-002 7.834127e-003
-7.812500e-002 7.838940e-003
-8.593750e-002 7.844244e-003
-9.375000e-002 7.850042e-003
-1.015625e-001 7.856339e-003
-1.093750e-001 7.863136e-003
-1.171875e-001 7.870439e-003
-1.250000e-001 7.878251e-003
-1.328125e-001 7.886577e-003
-1.406250e-001 7.895422e-003
-1.484375e-001 7.904790e-003
-1.562500e-001 7.914687e-003
-1.640625e-001 7.925120e-003
-1.718750e-001 7.936093e-003
-1.796875e-001 7.947615e-003
-1.875000e-001 7.959690e-003
-1.953125e-001 7.972328e-003
-2.031250e-001 7.985536e-003
-2.109375e-001 7.999321e-003
-2.187500e-001 8.013692e-003
-2.265625e-001 8.028658e-003
-2.343750e-001 8.044229e-003
-2.421875e-001 8.060415e-003
-2.500000e-001 8.077226e-003
-2.578125e-001 8.094672e-003
-2.656250e-001 8.112767e-003
-2.734375e-001 8.131520e-003
-2.812500e-001 8.150946e-003
-2.890625e-001 8.171057e-003
-2.968750e-001 8.191868e-003
-3.046875e-001 8.213392e-003
-3.125000e-001 8.235646e-003
-3.203125e-001 8.258644e-003
-3.281250e-001 8.282405e-003
-3.359375e-001 8.306945e-003
-3.437500e-001 8.332283e-003
-3.515625e-001 8.358437e-003
-3.593750e-001 8.385430e-003
-3.671875e-001 8.413281e-003
-3.750000e-001 8.442013e-003
-3.828125e-001 8.471649e-003
-3.906250e-001 8.502215e-003
-3.984375e-001 8.533735e-003
-4.062500e-001 8.566236e-003
-4.140625e-001 8.599748e-003
-4.218750e-001 8.634300e-003
-4.296875e-001 8.669924e-003
-4.375000e-001 8.706652e-003
-4.453125e-001 8.744519e-003
-4.531250e-001 8.783562e-003
-4.609375e-001 8.823820e-003
-4.687500e-001 8.865334e-003
-4.765625e-001 8.908145e-003
-4.843750e-001 8.952301e-003
-4.921875e-001 8.997848e-003
-5.000000e-001 9.044837e-003
-5.078125e-001 9.093323e-003
-5.156250e-001 9.143360e-003
-5.234375e-001 9.195011e-003
-5.312500e-001 9.248337e-003
-5.390625e-001 9.303408e-003
-5.468750e-001 9.360294e-003
-5.546875e-001 9.419072e-003
-5.625000e-001 9.479823e-003
-5.703125e-001 9.542635e-003
-5.781250e-001 9.607598e-003
-5.859375e-001 9.674812e-003
-5.937500e-001 9.744382e-003
-6.015625e-001 9.816421e-003
-6.093750e-001 9.891049e-003
-6.171875e-001 9.968396e-003
-6.250000e-001 1.004860e-002
-6.328125e-001 1.013181e-002
-6.406250e-001 1.021819e-002
-6.484375e-001 1.030792e-002
-6.562500e-001 1.040117e-002
-6.640625e-001 1.049817e-002
-6.718750e-001 1.059911e-002
-6.796875e-001 1.070425e-002
-6.875000e-001 1.081385e-002
-6.953125e-001 1.092819e-002
-7.031250e-001 1.104759e-002
-7.109375e-001 1.117238e-002
-7.187500e-001 1.130294e-002
-7.265625e-001 1.143969e-002
-7.343750e-001 1.158307e-002
-7.421875e-001 1.173360e-002
-7.500000e-001 1.189184e-002
-7.578125e-001 1.205842e-002
-7.656250e-001 1.223403e-002
-7.734375e-001 1.241945e-002
-7.812500e-001 1.261558e-002
-7.890625e-001 1.282342e-002
-7.968750e-001 1.304410e-002
-8.046875e-001 1.327892e-002
-8.125000e-001 1.352938e-002
-8.203125e-001 1.379719e-002
-8.281250e-001 1.408436e-002
-8.359375e-001 1.439323e-002
-8.437500e-001 1.472655e-002
-8.515625e-001 1.508760e-002
-8.593750e-001 1.548029e-002
-8.671875e-001 1.590937e-002
-8.750000e-001 1.638064e-002
-8.828125e-001 1.690128e-002
-8.906250e-001 1.748031e-002
-8.984375e-001 1.812924e-002
-9.062500e-001 1.886303e-002
-9.140625e-001 1.970151e-002
-9.218750e-001 2.067172e-002
-9.296875e-001 2.181157e-002
-9.375000e-001 2.317625e-002
-9.453125e-001 2.484990e-002
-9.531250e-001 2.696860e-002
-9.609375e-001 2.977078e-002
-9.687500e-001 3.372420e-002
-9.765625e-001 3.992377e-002
-9.843750e-001 5.192616e-002
-9.921875e-001 1.250815e-001
-9.921875e-001 1.250815e-001
-9.843750e-001 5.192616e-002
-9.765625e-001 3.992377e-002
-9.687500e-001 3.372420e-002
-9.609375e-001 2.977078e-002
-9.531250e-001 2.696860e-002
-9.453125e-001 2.484990e-002
-9.375000e-001 2.317625e-002
-9.296875e-001 2.181157e-002
-9.218750e-001 2.067172e-002
-9.140625e-001 1.970151e-002
-9.062500e-001 1.886303e-002
-8.984375e-001 1.812924e-002
-8.906250e-001 1.748031e-002
-8.828125e-001 1.690128e-002
-8.750000e-001 1.638064e-002
-8.671875e-001 1.590937e-002
-8.593750e-001 1.548029e-002
-8.515625e-001 1.508760e-002
-8.437500e-001 1.472655e-002
-8.359375e-001 1.439323e-002
-8.281250e-001 1.408436e-002
-8.203125e-001 1.379719e-002
-8.125000e-001 1.352938e-002
-8.046875e-001 1.327892e-002
-7.968750e-001 1.304410e-002
-7.890625e-001 1.282342e-002
-7.812500e-001 1.261558e-002
-7.734375e-001 1.241945e-002
-7.656250e-001 1.223403e-002
-7.578125e-001 1.205842e-002
-7.500000e-001 1.189184e-002
-7.421875e-001 1.173360e-002
-7.343750e-001 1.158307e-002
-7.265625e-001 1.143969e-002
-7.187500e-001 1.130294e-002
-7.109375e-001 1.117238e-002
-7.031250e-001 1.104759e-002
-6.953125e-001 1.092819e-002
-6.875000e-001 1.081385e-002
-6.796875e-001 1.070425e-002
-6.718750e-001 1.059911e-002
-6.640625e-001 1.049817e-002
-6.562500e-001 1.040117e-002
-6.484375e-001 1.030792e-002
-6.406250e-001 1.021819e-002
-6.328125e-001 1.013181e-002
-6.250000e-001 1.004860e-002
-6.171875e-001 9.968396e-003
-6.093750e-001 9.891049e-003
-6.015625e-001 9.816421e-003
-5.937500e-001 9.744382e-003
-5.859375e-001 9.674812e-003
-5.781250e-001 9.607598e-003
-5.703125e-001 9.542635e-003
-5.625000e-001 9.479823e-003
-5.546875e-001 9.419072e-003
-5.468750e-001 9.360294e-003
-5.390625e-001 9.303408e-003
-5.312500e-001 9.248337e-003
-5.234375e-001 9.195011e-003
-5.156250e-001 9.143360e-003
-5.078125e-001 9.093323e-003
-5.000000e-001 9.044837e-003
-4.921875e-001 8.997848e-003
-4.843750e-001 8.952301e-003
-4.765625e-001 8.908145e-003
-4.687500e-001 8.865334e-003
-4.609375e-001 8.823820e-003
-4.531250e-001 8.783562e-003
-4.453125e-001 8.744519e-003
-4.375000e-001 8.706652e-003
-4.296875e-001 8.669924e-003
-4.218750e-001 8.634300e-003
-4.140625e-001 8.599748e-003
-4.062500e-001 8.566236e-003
-3.984375e-001 8.533735e-003
-3.906250e-001 8.502215e-003
-3.828125e-001 8.471649e-003
-3.750000e-001 8.442013e-003
-3.671875e-001 8.413281e-003
-3.593750e-001 8.385430e-003
-3.515625e-001 8.358437e-003
-3.437500e-001 8.332283e-003
-3.359375e-001 8.306945e-003
-3.281250e-001 8.282405e-003
-3.203125e-001 8.258644e-003
-3.125000e-001 8.235646e-003
-3.046875e-001 8.213392e-003
-2.968750e-001 8.191868e-003
-2.890625e-001 8.171057e-003
-2.812500e-001 8.150946e-003
-2.734375e-001 8.131520e-003
-2.656250e-001 8.112767e-003
-2.578125e-001 8.094672e-003
-2.500000e-001 8.077226e-003
-2.421875e-001 8.060415e-003
-2.343750e-001 8.044229e-003
-2.265625e-001 8.028658e-003
-2.187500e-001 8.013692e-003
-2.109375e-001 7.999321e-003
-2.031250e-001 7.985536e-003
-1.953125e-001 7.972328e-003
-1.875000e-001 7.959690e-003
-1.796875e-001 7.947615e-003
-1.718750e-001 7.936093e-003
-1.640625e-001 7.925120e-003
-1.562500e-001 7.914687e-003
-1.484375e-001 7.904790e-003
-1.406250e-001 7.895422e-003
-1.328125e-001 7.886577e-003
-1.250000e-001 7.878251e-003
-1.171875e-001 7.870439e-003
-1.093750e-001 7.863136e-003
-1.015625e-001 7.856339e-003
-9.375000e-002 7.850042e-003
-8.593750e-002 7.844244e-003
-7.812500e-002 7.838940e-003
-7.031250e-002 7.834127e-003
-6.250000e-002 7.829803e-003
-5.468750e-002 7.825966e-003
-4.687500e-002 7.822613e-003
-3.906250e-002 7.819742e-003
-3.125000e-002 7.817352e-003
-2.343750e-002 7.815442e-003
-1.562500e-002 7.814010e-003
-7.812500e-003 7.813056e-003
EOF